np.array([[2450.0000, 6280.4140625, 0.0],
[2405.0000, 6152.3203125, 0.0003678106877487153],
[2583.3333, 6086.77294921875, 0.0007238477701321244],
[2495.0000, 6037.88720703125, 0.0010049211559817195],
[2450.0000, 5986.14404296875, 0.0015718903159722686],
[2521.6667, 5931.640625, 0.0016633071936666965],
[2500.0000, 5879.2265625, 0.001644994132220745],
[2441.2500, 5827.82080078125, 0.0016570613952353597],
[2435.5556, 5783.82373046875, 0.0017468188889324665],
[2427.0000, 5739.62255859375, 0.001805374282412231],
[2374.5455, 5673.32080078125, 0.0018919773865491152],
[2415.8333, 5643.166015625, 0.001900040078908205],
[2447.6923, 5617.3447265625, 0.0019060916965827346],
[2453.5714, 5592.70166015625, 0.0018972513498738408],
[2439.3333, 5573.1240234375, 0.0019481689669191837],
[2405.6250, 5550.76806640625, 0.0019688012544065714],
[2417.6471, 5531.01318359375, 0.0019766646437346935],
[2447.2222, 5508.77099609375, 0.0019973968155682087],
[2609.4737, 5491.18310546875, 0.0020338105969130993],
[2511.5000, 5472.1025390625, 0.0021477644331753254],
[2490.4762, 5448.1748046875, 0.0022688671015203],
[2390.4545, 5432.1904296875, 0.002302924869582057],
[2409.1304, 5419.29052734375, 0.0023041244130581617],
[2417.5000, 5402.4521484375, 0.002320300554856658],
[2423.2000, 5386.5078125, 0.0023320552427321672],
[2445.3846, 5370.12451171875, 0.0023219843860715628],
[2418.8889, 5354.80126953125, 0.0023062475956976414],
[2416.7857, 5342.18359375, 0.002332908334210515],
[2396.2069, 5325.4794921875, 0.0023173405788838863],
[2394.3333, 5309.51513671875, 0.0023274181876331568],
[2395.4839, 5284.40966796875, 0.0023344315122812986],
[2399.0625, 5268.66943359375, 0.002346975961700082],
[2397.2727, 5255.255859375, 0.002388197463005781],
[2397.6471, 5240.001953125, 0.002392641268670559],
[2411.4286, 5225.0966796875, 0.0023983600549399853],
[2411.9444, 5210.24462890625, 0.002393817063421011],
[2410.5405, 5197.560546875, 0.002399985445663333],
[2416.3158, 5182.30126953125, 0.0024091878440231085],
[2415.3846, 5169.53125, 0.002431120490655303],
[2416.2500, 5156.1884765625, 0.0024496649857610464],
[2416.3415, 5133.11328125, 0.0024482181761413813],
[2426.1905, 5119.40087890625, 0.0024404542054980993],
[2440.2326, 5107.03515625, 0.002444328274577856],
[2468.6364, 5101.39453125, 0.002483355114236474],
[2471.1111, 5092.19482421875, 0.002528725191950798],
[2496.5217, 5079.40478515625, 0.002543445210903883],
[2493.1915, 5066.1201171875, 0.0025381857994943857],
[2503.3333, 5052.6337890625, 0.0025326781906187534],
[2502.4490, 5039.5166015625, 0.0025484624784439802],
[2499.2000, 5033.65380859375, 0.002552929101511836],
[2488.2353, 5018.28857421875, 0.0025934786535799503],
[2487.5000, 5009.150390625, 0.0026219342835247517],
[2490.1887, 4997.4716796875, 0.0026253301184624434],
[2483.5185, 4986.30126953125, 0.002638757461681962],
[2482.5455, 4975.1708984375, 0.0026416864711791277],
[2513.5714, 4964.83740234375, 0.002667507389560342],
[2508.2456, 4953.865234375, 0.0026998105458915234],
[2515.5172, 4943.1181640625, 0.0027014343068003654],
[2511.3559, 4931.28125, 0.0026955120265483856],
[2508.5000, 4920.49169921875, 0.0026906670536845922],
[2509.5082, 4904.6728515625, 0.002703794976696372],
[2510.1613, 4894.72509765625, 0.0027032531797885895],
[2512.3810, 4884.248046875, 0.0026955818757414818],
[2512.5000, 4873.9150390625, 0.002703719539567828],
[2519.3846, 4867.9658203125, 0.0027404609136283398],
[2517.1212, 4856.94384765625, 0.002773006446659565],
[2520.0000, 4846.521484375, 0.002756243571639061],
[2526.3235, 4836.896484375, 0.0027558193542063236],
[2534.0580, 4829.89306640625, 0.002762359566986561],
[2528.2857, 4823.0908203125, 0.002778235822916031],
[2520.9859, 4816.01123046875, 0.0029470145236700773],
[2501.1111, 4808.40234375, 0.0029788664542138577],
[2499.5890, 4809.0673828125, 0.0031400234438478947],
[2504.0541, 4802.08740234375, 0.0031472828704863787],
[2502.5333, 4791.19287109375, 0.0031346601899713278],
[2502.7632, 4781.82861328125, 0.003125811228528619],
[2499.6104, 4773.6240234375, 0.0031133913435041904],
[2500.1282, 4763.82080078125, 0.003089294536039233],
[2499.7468, 4755.1474609375, 0.003097705775871873],
[2496.2500, 4746.36376953125, 0.0031080811750143766],
[2493.9506, 4731.677734375, 0.003098116721957922],
[2490.2439, 4723.52783203125, 0.003095913678407669],
[2485.9036, 4716.3740234375, 0.0031079042237251997],
[2484.6429, 4707.982421875, 0.0031423557084053755],
[2483.1765, 4699.91357421875, 0.0031488300301134586],
[2482.3256, 4690.67822265625, 0.0031523522920906544],
[2480.0000, 4682.58642578125, 0.0031453364063054323],
[2476.9318, 4674.37890625, 0.00314387702383101],
[2489.7753, 4668.37060546875, 0.003153511555865407],
[2487.7778, 4661.103515625, 0.0031595355831086636],
[2500.3297, 4646.54638671875, 0.0031660955864936113],
[2498.4783, 4639.0068359375, 0.003168528201058507],
[2493.7634, 4632.40087890625, 0.0031526857055723667],
[2490.6383, 4625.5830078125, 0.003147309646010399],
[2489.8947, 4619.03857421875, 0.003157997038215399],
[2488.8542, 4611.37548828125, 0.0031540885102003813],
[2487.9381, 4603.67041015625, 0.003151956479996443],
[2488.1633, 4598.14697265625, 0.0031708115711808205],
[2491.8182, 4594.85302734375, 0.003243423532694578],
[2490.3000, 4588.77001953125, 0.003279181430116296],
[2487.8218, 4577.2587890625, 0.003270429326221347],
[2486.9608, 4570.56494140625, 0.003259889781475067],
[2497.8641, 4563.482421875, 0.0032474673353135586],
[2497.3077, 4555.8203125, 0.003252548398450017],
[2494.4762, 4547.87548828125, 0.0032526657450944185],
[2492.1698, 4539.8251953125, 0.003251495771110058],
[2490.0000, 4532.30517578125, 0.0032503302209079266],
[2493.2407, 4527.015625, 0.0032465788535773754],
[2497.0642, 4520.92041015625, 0.003248523687943816],
[2501.2727, 4516.130859375, 0.0032362411729991436],
[2498.7387, 4502.5, 0.003235336858779192],
[2500.9821, 4495.1396484375, 0.0032365669030696154],
[2498.8496, 4487.76708984375, 0.0032377399038523436],
[2499.0351, 4481.14990234375, 0.0032414779998362064],
[2509.6522, 4478.1025390625, 0.0032363245263695717],
[2519.3966, 4471.55615234375, 0.003252130700275302],
[2528.6325, 4463.83642578125, 0.003256873693317175],
[2527.9661, 4456.64208984375, 0.0032618846744298935],
[2525.6303, 4449.6552734375, 0.0032661219593137503],
[2522.5833, 4443.66748046875, 0.003271358087658882],
[2521.7355, 4432.849609375, 0.0032606187742203474],
[2521.8852, 4425.4326171875, 0.0032673501409590244],
[2522.0325, 4418.1474609375, 0.00326300086453557],
[2521.2097, 4412.044921875, 0.0032588390167802572],
[2517.8400, 4405.2734375, 0.0032482543028891087],
[2517.8571, 4398.6923828125, 0.003256620140746236],
[2515.5906, 4391.2490234375, 0.003262614831328392],
[2515.9375, 4384.55029296875, 0.0032684358302503824],
[2512.7132, 4377.97119140625, 0.0032651652581989765],
[2517.5385, 4373.126953125, 0.0032695999834686518],
[2515.8015, 4366.04052734375, 0.003294406458735466],
[2517.4242, 4358.07958984375, 0.003299828851595521],
[2516.0902, 4351.2734375, 0.003304502461105585],
[2515.7463, 4344.05078125, 0.003314932342618704],
[2515.4815, 4337.14794921875, 0.0033206993248313665],
[2514.7794, 4331.44677734375, 0.0033201619517058134],
[2513.6496, 4325.3994140625, 0.0033201309852302074],
[2512.7536, 4318.24853515625, 0.0033304279204458],
[2510.7914, 4312.71728515625, 0.003331373445689678],
[2516.0714, 4308.02197265625, 0.003336820285767317],
[2519.0780, 4296.35107421875, 0.0033376191277056932],
[2519.2958, 4294.54541015625, 0.003359007416293025],
[2517.6224, 4287.70556640625, 0.0033528765197843313],
[2515.6250, 4279.64111328125, 0.0033506746403872967],
[2515.7931, 4272.43408203125, 0.0033509123604744673],
[2514.6575, 4266.6298828125, 0.003355656284838915],
[2513.4694, 4261.37109375, 0.003370538353919983],
[2512.7703, 4256.59033203125, 0.0033826525323092937],
[2511.9463, 4249.1337890625, 0.0033869340550154448],
[2510.2667, 4241.2470703125, 0.0033864874858409166],
[2510.5960, 4229.9453125, 0.0033839780371636152],
[2508.8816, 4226.884765625, 0.003419617423787713],
[2507.1242, 4234.82763671875, 0.0035601616837084293],
[2508.8312, 4231.1728515625, 0.0035829944536089897],
[2508.9677, 4224.2607421875, 0.0035870324354618788],
[2509.2308, 4217.36474609375, 0.0035842556972056627],
[2509.6815, 4210.51171875, 0.003586009843274951],
[2507.9747, 4203.56640625, 0.0035758125595748425],
[2507.6101, 4198.5224609375, 0.003577152034267783],
[2507.0625, 4191.48828125, 0.0035879213828593493],
[2506.6460, 4179.9814453125, 0.0035890627186745405],
[2506.6667, 4173.021484375, 0.0035881130024790764],
[2506.3190, 4166.880859375, 0.003583215642720461],
[2505.6098, 4160.1513671875, 0.0035828249529004097],
[2505.0909, 4154.32666015625, 0.0035897858906537294],
[2505.4819, 4148.09716796875, 0.0035904920659959316],
[2505.9281, 4142.4091796875, 0.003599473973736167],
[2505.5357, 4136.24609375, 0.0036107320338487625],
[2505.0888, 4135.38232421875, 0.003627907019108534],
[2505.4706, 4134.740234375, 0.0036872385535389185],
[2504.4444, 4124.53125, 0.0036749558057636023],
[2504.6512, 4118.25732421875, 0.003667588345706463],
[2504.3353, 4112.2666015625, 0.0036642909981310368],
[2504.5402, 4105.93994140625, 0.0036748070269823074],
[2504.2286, 4101.1943359375, 0.0036809402517974377],
[2502.6136, 4093.941650390625, 0.0036863619461655617],
[2502.3164, 4088.03955078125, 0.003677846398204565],
[2500.9551, 4084.656494140625, 0.0036897447425872087],
[2500.6704, 4079.13818359375, 0.0037089758552610874],
[2499.2222, 4072.205810546875, 0.0037110880948603153],
[2498.5635, 4060.99267578125, 0.0037118233740329742],
[2498.4066, 4054.884765625, 0.00370583962649107],
[2497.4317, 4049.1640625, 0.0037006319034844637],
[2497.2826, 4042.9814453125, 0.003707929514348507]])